0.	4.138918221703477e17
0.02	4.1294744416869485e17
0.04	4.101357493277988e17
0.06	4.055199285807571e17
0.08	3.992016503462683e17
0.1	3.913159394199795e17
0.12	3.8202466274659066e17
0.14	3.7150916704868864e17
0.16	3.599626358926677e17
0.18	3.475826924812748e17
0.2	3.3456468348204045e17
0.22	3.210959580635116e17
0.24	3.07351325414266e17
0.26	2.934897509324298e17
0.28	2.7965224846942262e17
0.3	2.659608501520824e17
0.32	2.5251848778648374e17
0.34	2.3940959810372736e17
0.36	2.2670126319813315e17
0.38	2.1444471154785098e17
0.4	2.0267702827214848e17
0.42	1.914229508882295e17
0.44	1.8069665506027965e17
0.46	1.7050346115229107e17
0.48	1.608414153227969e17
0.5	1.5170271778122477e17
0.52	1.4307498559920565e17
0.54	1.349423484476386e17
0.56	1.2728638332564686e17
0.58	1.2008689935148426e17
0.6	1.1332258658227686e17
0.62	1.0697154414843106e17
0.64	1.0101170318021549e17
0.66	9.542115943399251e16
0.68	9.017842947833523e16
0.7000000000000001	8.526264298878054e16
0.72	8.065368227746131e16
0.74	7.633227875573366e16
0.76	7.22800746627196e16
0.78	6.847965713147334e16
0.8	6.491457052852304e16
0.8200000000000001	6.156931199935904e16
0.84	5.842931428044836e16
0.86	5.54809190902801e16
0.88	5.271134377728415e16
0.9	5.0108643369220696e16
0.92	4.766166972444693e16
0.9400000000000001	4.536002911836455e16
0.96	4.31940392971833e16
0.98	4.115468678580742e16
1.	3.9233585038209336e16
1.02	3.74229338592831e16
1.04	3.5715480400141348e16
1.06	3.4104481928397596e16
1.08	3.2583670496314224e16
1.1	3.114721956873681e16
1.12	2.9789712626091596e16
1.1400000000000001	2.850611372259742e16
1.16	2.729173995392627e16
1.18	2.6142235769949548e16
1.2	2.5053549055386424e16
1.22	2.402190889287216e16
1.24	2.304380491817667e16
1.26	2.21159681752085e16
1.28	2.123535337838376e16
1.3	2.039912249140185e16
1.32	1.960462953403496e16
1.34	1.8849406531880932e16
1.36	1.81311505278931e16
1.3800000000000001	1.7447711578687114e16
1.4000000000000001	1.6797081662980942e16
1.42	1.6177384433934564e16
1.44	1.5586865751531424e16
1.46	1.5023884935423066e16
1.48	1.4486906682793314e16
1.5	1.3974493599759138e16
1.52	1.3485299298591046e16
1.54	1.3018062016594368e16
1.56	1.257159871583961e16
1.58	1.2144799626064672e16
1.6	1.1736623195996956e16
1.62	1.1346091421066374e16
1.6400000000000001	1.0972285518007876e16
1.6600000000000001	1.0614341919193904e16
1.68	1.0271448561703262e16
1.7	9.942841448132672e15
1.72	9.627801458002496e15
1.74	9.325651390307216e15
1.76	9.035753219326356e15
1.78	8.757505547250272e15
1.8	8.490341238498584e15
1.82	8.233725221824373e15
1.84	7.987152447413979e15
1.86	7.750145987217287e15
1.8800000000000001	7.52225526768454e15
1.9000000000000001	7.303054424949425e15
1.92	7.09214077329092e15
1.94	6.889133378433848e15
1.96	6.693671727915674e15
1.98	6.505414491359757e15
2.	6.324038364057737e15
2.02	6.149236987779766e15
2.04	5.980719943205392e15
2.06	5.818211808803006e15
2.08	5.661451281385492e15
2.1	5.510190353936938e15
2.12	5.364193546642612e15
2.14	5.223237187364657e15
2.16	5.087108738090974e15
2.18	4.955606164147123e15
2.2	4.828537343202195e15
2.22	4.705719511321788e15
2.24	4.586978743525456e15
2.2600000000000002	4.472149466494346e15
2.2800000000000002	4.3610740012480635e15
2.3000000000000003	4.2536021337696155e15
2.32	4.149590711704652e15
2.34	4.048903265396992e15
2.36	3.95140965164789e15
2.38	3.8569857187020535e15
2.4	3.765512991070357e15
2.42	3.676878372897768e15
2.44	3.590973868676244e15
2.46	3.5076963201865635e15
2.48	3.4269471586310235e15
2.5	3.3486321709910325e15
2.52	3.2726612797103155e15
2.54	3.19894833486628e15
2.56	3.1274109180492455e15
2.58	3.057970157222317e15
2.6	2.990550551883768e15
2.62	2.925079807899437e15
2.64	2.8614886814148515e15
2.66	2.799710831296082e15
2.68	2.739682679584737e15
2.7	2.6813432794863195e15
2.72	2.624634190442661e15
2.74	2.5694993598683035e15
2.7600000000000002	2.515885011157916e15
2.7800000000000002	2.46373953759709e15
2.8000000000000003	2.4130134018323855e15
2.82	2.363659040578388e15
2.84	2.315630774259936e15
2.86	2.268884721306691e15
2.88	2.223378716834888e15
2.9	2.1790722354676678e15
2.92	2.135926318060746e15
2.94	2.093903502114557e15
2.96	2.052967755667444e15
2.98	2.013084414476927e15
3.	1.9742201223078552e15
3.02	1.936342774157106e15
3.04	1.8994214622547595e15
3.06	1.8634264246911975e15
3.08	1.8283289965285275e15
3.1	1.7941015632630848e15
3.12	1.760717516513601e15
3.14	1.728151211816925e15
3.16	1.696377928420103e15
3.18	1.665373830963985e15
3.2	1.6351159329596135e15
3.22	1.6055820619642655e15
3.24	1.576750826369334e15
3.2600000000000002	1.548601583717213e15
3.2800000000000002	1.5211144104689978e15
3.3000000000000003	1.4942700731492285e15
3.3200000000000003	1.468050000797988e15
3.34	1.4424362586645492e15
3.36	1.4174115230804018e15
3.38	1.3929590574528988e15
3.4	1.3690626893239768e15
3.42	1.345706788441421e15
3.44	1.3228762457930055e15
3.46	1.300556453556492e15
3.48	1.2787332859210112e15
3.5	1.2573930807376982e15
3.52	1.236522621959728e15
3.54	1.2161091228339502e15
3.56	1.1961402098083632e15
3.58	1.176603907121487e15
3.6	1.1574886220415072e15
3.62	1.1387831307246922e15
3.64	1.1204765646641719e15
3.66	1.1025583977016552e15
3.68	1.0850184335760508e15
3.7	1.0678467939842856e15
3.72	1.0510339071308712e15
3.74	1.0345704967439362e15
3.7600000000000002	1.0184475715365665e15
3.7800000000000002	1.0026564150933534e15
3.8000000000000003	9.871885761630394e14
3.8200000000000003	9.720358593391034e14
3.84	9.571903161110184e14
3.86	9.426442362697515e14
3.88	9.283901396518938e14
3.9	9.144207682075496e14
3.92	9.007290783778396e14
3.94	8.87308233768554e14
3.96	8.741515981071306e14
3.98	8.612527284707492e14
4.	8.486053687739114e14
4.0200000000000005	8.362034435044194e14
4.04	8.240410516971991e14
4.0600000000000005	8.121124611358891e14
4.08	8.004121027726186e14
4.1	7.88934565356791e14
4.12	7.776745902641755e14
4.14	7.666270665179534e14
4.16	7.55787025993788e14
4.18	7.451496388013241e14
4.2	7.347102088348782e14
4.22	7.244641694864161e14
4.24	7.14407079514197e14
4.26	7.045346190607988e14
4.28	6.948425858144816e14
4.3	6.853268913081486e14
4.32	6.759835573503884e14
4.34	6.66808712583348e14
4.36	6.577985891624036e14
4.38	6.489495195528218e14
4.4	6.402579334388076e14
4.42	6.317203547405462e14
4.44	6.233333987350168e14
4.46	6.150937692765601e14
4.48	6.069982561133336e14
4.5	5.990437322959678e14
4.5200000000000005	5.912271516748816e14
4.54	5.835455464828781e14
4.5600000000000005	5.759960249997651e14
4.58	5.685757692959082e14
4.6000000000000005	5.612820330517227e14
4.62	5.5411213945026194e14
4.64	5.470634791401584e14
4.66	5.4013350826630006e14
4.68	5.333197465657251e14
4.7	5.2661977552631925e14
4.72	5.200312366060109e14
4.74	5.135518295102326e14
4.76	5.071793105255311e14
4.78	5.0091149090727244e14
4.8	4.9474623531948575e14
4.82	4.886814603249603e14
4.84	4.8271513292378856e14
4.86	4.768452691386165e14
4.88	4.710699326449375e14
4.9	4.653872334448221e14
4.92	4.597953265825507e14
4.94	4.542924109006628e14
4.96	4.48876727835011e14
4.98	4.435465602474411e14
5.	4.383002312947984e14
5.0200000000000005	4.331361033329852e14
5.04	4.280525768548644e14
5.0600000000000005	4.230480894608345e14
5.08	4.181211148609576e14
5.1000000000000005	4.132701619075557e14
5.12	4.0849377365723906e14
5.14	4.037905264613606e14
5.16	3.991590290839399e14
5.18	3.945979218461249e14
5.2	3.9010587579629725e14
5.22	3.856815919049701e14
5.24	3.813238002836384e14
5.26	3.7703125942679744e14
5.28	3.7280275547634994e14
5.3	3.686371015076732e14
5.32	3.6453313683662225e14
5.34	3.604897263467919e14
5.36	3.5650575983636975e14
5.38	3.5258015138394475e14
5.4	3.487118387326531e14
5.42	3.448997826920754e14
5.44	3.411429665573018e14
5.46	3.3744039554462706e14
5.48	3.3379109624333006e14
5.5	3.3019411608303725e14
5.5200000000000005	3.2664852281616406e14
5.54	3.231534040149646e14
5.5600000000000005	3.1970786658272306e14
5.58	3.163110362786461e14
5.6000000000000005	3.129620572560235e14
5.62	3.0966009161324556e14
5.64	3.064043189572725e14
5.66	3.031939359791752e14
5.68	3.000281560413694e14
5.7	2.969062087761846e14
5.72	2.93827339695419e14
5.74	2.90790809810545e14
5.76	2.877958952632395e14
5.78	2.848418869659243e14
5.8	2.819280902520149e14
5.82	2.790538245355823e14
5.84	2.762184229801462e14
5.86	2.7342123217632356e14
5.88	2.7066161182807003e14
5.9	2.679389344472541e14
5.92	2.652525850563216e14
5.94	2.6260196089880516e14
5.96	2.5998647115745162e14
5.98	2.574055366797393e14
6.	2.548585897105717e14
6.0200000000000005	2.523450736319342e14
6.04	2.4986444270931478e14
6.0600000000000005	2.4741616184468697e14
6.08	2.4499970633587075e14
6.1000000000000005	2.4261456164208125e14
6.12	2.4026022315549272e14
6.140000000000001	2.3793619597863972e14
6.16	2.3564199470749344e14
6.18	2.33377143220047e14
6.2	2.3114117447025628e14
6.22	2.289336302871827e14
6.24	2.2675406117919053e14
6.26	2.2460202614305922e14
6.28	2.2247709247786775e14
6.3	2.203788356035232e14
6.32	2.183068388837982e14
6.34	2.162606934537565e14
6.36	2.142399980514413e14
6.38	2.122443588537114e14
6.4	2.102733893161074e14
6.42	2.0832671001664144e14
6.44	2.064039485033976e14
6.46	2.045047391458448e14
6.48	2.0262872298975478e14
6.5	2.0077554761563306e14
6.5200000000000005	1.9894486700056266e14
6.54	1.9713634138337238e14
6.5600000000000005	1.9534963713303712e14
6.58	1.9358442662022603e14
6.6000000000000005	1.918403880919109e14
6.62	1.9011720554895784e14
6.640000000000001	1.8841456862661694e14
6.66	1.8673217247783872e14
6.68	1.850697176593384e14
6.7	1.8342691002033766e14
6.72	1.818034605939126e14
6.74	1.801990854908795e14
6.76	1.786135057961531e14
6.78	1.7704644746751016e14
6.8	1.754976412367e14
6.82	1.7396682251283628e14
6.84	1.724537312880152e14
6.86	1.7095811204509994e14
6.88	1.6947971366761706e14
6.9	1.6801828935170956e14
6.92	1.665735965200961e14
6.94	1.6514539673798162e14
6.96	1.6373345563087406e14
6.98	1.6233754280425488e14
7.	1.6095743176505962e14
7.0200000000000005	1.5959289984492047e14
7.04	1.582437281251281e14
7.0600000000000005	1.5690970136326872e14
7.08	1.555906079214953e14
7.1000000000000005	1.5428623969639097e14
7.12	1.5299639205038625e14
7.140000000000001	1.5172086374469075e14
7.16	1.5045945687370225e14
7.18	1.4921197680085634e14
7.2	1.4797823209588156e14
7.22	1.4675803447342553e14
7.24	1.455511987330177e14
7.26	1.4435754270033753e14
7.28	1.4317688716975503e14
7.3	1.420090558481135e14
7.32	1.408538752997236e14
7.34	1.3971117489254092e14
7.36	1.3858078674549672e14
7.38	1.3746254567695569e14
7.4	1.3635628915427272e14
7.42	1.3526185724442298e14
7.44	1.3417909256567927e14
7.46	1.331078402403124e14
7.48	1.3204794784828931e14
7.5	1.3099926538194644e14
7.5200000000000005	1.299616452016146e14
7.54	1.2893494199217342e14
7.5600000000000005	1.279190127205128e14
7.58	1.2691371659388153e14
7.6000000000000005	1.2591891501910039e14
7.62	1.2493447156262161e14
7.640000000000001	1.2396025191141356e14
7.66	1.2299612383465272e14
7.68	1.2204195714620261e14
7.7	1.2109762366786347e14
7.72	1.2016299719337405e14
7.74	1.1923795345314731e14
7.76	1.1832237007972573e14
7.78	1.174161265739367e14
7.8	1.165191042717349e14
7.82	1.1563118631171369e14
7.84	1.1475225760327275e14
7.86	1.1388220479542425e14
7.88	1.1302091624622652e14
7.9	1.1216828199282769e14
7.92	1.1132419372210858e14
7.94	1.1048854474190906e14
7.96	1.0966122995282694e14
7.98	1.088421458205747e14
8.	1.0803119034888333e14
8.02	1.0722826305293981e14
8.040000000000001	1.0643326493334742e14
8.06	1.0564609845059706e14
8.08	1.0486666750003786e14
8.1	1.0409487738733664e14
8.120000000000001	1.0333063480441575e14
8.14	1.025738478058582e14
8.16	1.018244257857699e14
8.18	1.010822794550901e14
8.2	1.0034732081933869e14
8.22	9.96194631567927e13
8.24	9.889862099708116e13
8.26	9.818471010019019e13
8.28	9.747764743586944e13
8.3	9.677735116343086e13
8.32	9.60837406119323e13
8.34	9.539673626073608e13
8.36	9.47162597204368e13
8.38	9.404223371414839e13
8.4	9.337458205914455e13
8.42	9.271322964884362e13
8.44	9.205810243513173e13
8.46	9.140912741101667e13
8.48	9.076623259360561e13
8.5	9.012934700739952e13
8.52	8.949840066789839e13
8.540000000000001	8.887332456551044e13
8.56	8.82540506497588e13
8.58	8.764051181377925e13
8.6	8.70326418791043e13
8.620000000000001	8.643037558072598e13
8.64	8.583364855243298e13
8.66	8.524239731241548e13
8.68	8.465655924913273e13
8.700000000000001	8.407607260743845e13
8.72	8.350087647495734e13
8.74	8.293091076870922e13
8.76	8.236611622197472e13
8.78	8.180643437139792e13
8.8	8.125180754432122e13
8.82	8.070217884634789e13
8.84	8.015749214912708e13
8.86	7.961769207835772e13
8.88	7.908272400200598e13
8.9	7.855253401873314e13
8.92	7.802706894652827e13
8.94	7.750627631154294e13
8.96	7.699010433712316e13
8.98	7.647850193303506e13
9.	7.597141868487994e13
9.02	7.546880484369561e13
9.040000000000001	7.497061131573995e13
9.06	7.447678965245334e13
9.08	7.398729204059578e13
9.1	7.350207129255648e13
9.120000000000001	7.302108083683139e13
9.14	7.25442747086663e13
9.16	7.207160754086125e13
9.18	7.160303455473452e13
9.200000000000001	7.113851155124148e13
9.22	7.067799490224711e13
9.24	7.0221441541947234e13
9.26	6.976880895843753e13
9.28	6.9320055185426055e13
9.3	6.88751387940872e13
9.32	6.843401888505448e13
9.34	6.799665508054879e13
9.36	6.756300751664044e13
9.38	6.713303683564184e13
9.4	6.6706704178628586e13
9.42	6.62839711780864e13
9.44	6.586479995068156e13
9.46	6.544915309015269e13
9.48	6.50369936603215e13
9.5	6.462828518821987e13
9.52	6.422299165733188e13
9.540000000000001	6.382107750094793e13
9.56	6.342250759562944e13
9.58	6.302724725478123e13
9.6	6.2635262222330625e13
9.620000000000001	6.224651866651064e13
9.64	6.186098317374548e13
9.66	6.1478622742636195e13
9.68	6.109940477804544e13
9.700000000000001	6.072329708527857e13
9.72	6.035026786435993e13
9.74	5.998028570440217e13
9.76	5.961331957806742e13
9.78	5.924933883611811e13
9.8	5.8888313202055945e13
9.82	5.853021276684798e13
9.84	5.817500798373702e13
9.86	5.7822669663136266e13
9.88	5.747316896760543e13
9.9	5.712647740690793e13
9.92	5.6782566833146414e13
9.94	5.644140943597679e13
9.96	5.610297773789787e13
9.98	5.5767244589616414e13
10.	5.543418316548537e13