9.999999999999997e-6	0.20250232089548206
0.000010139113857366798	0.20250233165746212
0.000010280162981264728	0.20250234272095244
0.000010423174293933041	0.2025023540944002
0.000010568175092136591	0.20250236578648917
0.000010715193052376058	0.2025023778061465
0.000010864256236170656	0.20250239016254942
0.000011015393095414139	0.20250240286513227
0.000011168632477805608	0.20250241592359358
0.000011324003632355574	0.20250242934790375
0.000011481536214968819	0.20250244314831248
0.000011641260294104912	0.20250245733535643
0.000011803206356517303	0.20250247191986773
0.000011967405313072427	0.20250248691298192
0.000012133888504649773	0.20250250232614642
0.000012302687708123802	0.2025025181711294
0.000012473835142429425	0.20250253446002878
0.000012647363474711517	0.20250255120528138
0.000012823305826560203	0.2025025684196724
0.0000130016957803329	0.20250258611634545
0.000013182567385564076	0.20250260430881206
0.000013365955165464412	0.20250262301096247
0.00001355189412351036	0.20250264223707615
0.00001374041975012516	0.20250266200183248
0.000013931568029453024	0.20250268232032206
0.000014125375446227545	0.20250270320805852
0.00001432187899273542	0.20250272468098982
0.000014521116175877417	0.20250274675551094
0.000014723125024327193	0.20250276944847606
0.00001492794409578995	0.20250279277721153
0.00001513561248436208	0.20250281675952916
0.000015346169827992952	0.20250284141373975
0.000015559656316050736	0.20250286675866713
0.000015776112696993487	0.20250289281366238
0.00001599558028614667	0.20250291959861874
0.00001621810097358929	0.2025029471339868
0.00001644371723214932	0.20250297544079016
0.00001667247212551061	0.20250300454064105
0.00001690440931643264	0.20250303445575749
0.00001713957307508426	0.20250306520897987
0.000017378008287493744	0.20250309682378853
0.00001761976046411629	0.20250312932432155
0.00001786487574852052	0.20250316273539345
0.000018113400926196015	0.2025031970825138
0.000018365383433483465	0.20250323239190693
0.000018620871366628657	0.20250326869053195
0.00001887991349096293	0.20250330600610314
0.000019142559250210863	0.20250334436711126
0.000019408858775927765	0.2025033838028453
0.000019678862897068445	0.20250342434341487
0.000019952623149688807	0.20250346601977284
0.000020230191786782705	0.20250350886373963
0.000020511621788255653	0.20250355290802668
0.00002079696687103697	0.20250359818626215
0.000021086281499332885	0.20250364473301605
0.000021379620895022326	0.20250369258382686
0.00002167704104819693	0.20250374177522876
0.000021978598727848243	0.20250379234477917
0.000022284351492703045	0.20250384433108767
0.00002259435770220976	0.2025038977738457
0.00002290867652767773	0.20250395271385663
0.00002322736796357108	0.2025040091930671
0.000023550492838960082	0.2025040672545989
0.000023878112829131777	0.20250412694278205
0.000024210290467361755	0.20250418830318836
0.000024547089156850296	0.2025042513826666
0.000024888573182823917	0.20250431622937787
0.000025234807724805727	0.20250438289283254
0.00002558585886905645	0.20250445142392803
0.000025941793621188153	0.20250452187498755
0.0000263026799189538	0.20250459429980017
0.000026668586645214797	0.20250466875366158
0.000027039583641088407	0.20250474529341642
0.00002741574171927881	0.2025048239775017
0.000027797132677592893	0.20250490486599126
0.00002818382931264451	0.20250498802064235
0.00002857590543374946	0.2025050735049422
0.00002897343587701324	0.20250516138415706
0.000029376496519615287	0.20250525172538153
0.000029785164294291893	0.20250534459759015
0.00003019951720402018	0.20250544007168958
0.00003061963433690675	0.20250553822057318
0.00003104559588128356	0.2025056391191762
0.00003147748314101312	0.20250574284453293
0.0000319153785510076	0.20250584947583575
0.000032359365692962836	0.20250595909449506
0.00003280952931131187	0.2025060717842015
0.00003326595532940045	0.20250618763098843
0.0000337287308658869	0.20250630672329858
0.000034197944251370865	0.20250642915205253
0.00003467368504525316	0.20250655501071832
0.00003515604405282983	0.20250668439538264
0.000035645113342624405	0.2025068174048244
0.00003614098626396133	0.20250695414059008
0.000036643757464783294	0.20250709470707112
0.000037153522909717244	0.2025072392115839
0.0000376703798983909	0.2025073877644514
0.00003819442708400462	0.2025075404790878
0.000038725764492161714	0.20250769747208464
0.000039264493539959933	0.20250785886330017
0.0000398107170553497	0.20250802477595048
0.000040364539296760496	0.20250819533670397
0.00004092606597300112	0.20250837067577784
0.00004149540426343628	0.20250855092703737
0.00004207266283844442	0.20250873622809804
0.00004265795188015923	0.20250892672043086
0.00004325138310350086	0.20250912254946996
0.00004385306977749859	0.20250932386472373
0.000044463126746910836	0.20250953081988865
0.000045081670454146015	0.20250974357296667
0.00004570881896148745	0.2025099622863857
0.000046344691973628776	0.20251018712712338
0.00004698941086052155	0.2025104182668341
0.000047643098680541526	0.20251065588198036
0.00004830588020397725	0.20251090015396664
0.000048977881936844635	0.2025111512692779
0.00004965923214503357	0.2025114094196216
0.00005035006087879047	0.20251167480207338
0.00005105049999754065	0.20251194761922722
0.00005176068319505673	0.20251222807934974
0.00005248074602497726	0.20251251639653825
0.000053210825926679364	0.20251281279088365
0.00005395106225151274	0.20251311748863843
0.00005470159628939717	0.20251343072239283
0.00005546257129579103	0.20251375273125505
0.000056234132519034893	0.20251408376103347
0.000057016427228074774	0.20251442406442466
0.00005780960474057177	0.20251477390120606
0.000058613816451402867	0.2025151335384342
0.0000594292158615573	0.2025155032506486
0.000060255958607435745	0.20251588332008108
0.00006109420249055721	0.2025162740368709
0.00006194410750767808	0.20251667569928578
0.00006280583588133177	0.20251708861394957
0.00006367955209079159	0.20251751309607544
0.00006456542290346549	0.20251794946970575
0.00006546361740672749	0.20251839806795896
0.0000663743070401908	0.20251885923328258
0.00006729766562843173	0.20251933331771377
0.00006823386941416696	0.20251982068314653
0.00006918309709189369	0.2025203217016064
0.00007014552984199709	0.20252083675553267
0.00007112135136533292	0.20252136623806835
0.0000721107479182899	0.20252191055335772
0.00007311390834834172	0.20252247011685207
0.00007413102413009178	0.20252304535562496
0.0000751622894018205	0.2025236367087076
0.0000762079010025412	0.20252424462743604
0.00007726805850957013	0.20252486957579663
0.00007834296427662113	0.20252551203077987
0.00007943282347242815	0.20252617248274363
0.00008053784411990672	0.20252685143578664
0.0000816582371358592	0.20252754940813206
0.00008279421637123344	0.20252826693252118
0.00008394599865193968	0.2025290045566182
0.00008511380382023764	0.20252976284342541
0.00008629785477669707	0.2025305423717103
0.00008749837752274354	0.20253134373644327
0.00008871560120379609	0.20253216754924747
0.00008994975815300342	0.20253301443886046
0.00009120108393559094	0.20253388505160821
0.00009246981739382228	0.20253478005189138
0.00009375620069258793	0.20253570012268415
0.00009506047936562811	0.20253664596605403
0.00009638290236239692	0.2025376183037311
0.00009772372209558099	0.2025386178776807
0.00009908319448927675	0.20253964545066855
0.00010046157902783956	0.2025407018068398
0.00010185913880541164	0.20254178775231385
0.00010327614057613975	0.20254290411579443
0.00010471285480508984	0.2025440517491958
0.00010616955571987242	0.20254523152828513
0.00010764652136298351	0.20254644435334165
0.00010914403364487555	0.20254769114983232
0.0001106623783977666	0.202548972869105
0.00011220184543019619	0.20255029048909873
0.000113762728582343	0.2025516450150717
0.00011534532578210922	0.20255303748033665
0.00011694993910198717	0.20255446894705034
0.00011857687481671595	0.20255594050714099
0.00012022644346174131	0.20255745328316335
0.00012189895989248653	0.2025590084291523
0.000123594743344451	0.20256060713149954
0.00012531411749414163	0.20256225060985283
0.00012705741052085407	0.20256394011803905
0.00012882495516931337	0.20256567694501063
0.000130617088813184	0.20256746241581658
0.00013243415351946639	0.20256929789259812
0.00013427649611378638	0.202571184775609
0.0001361444682465951	0.2025731245042617
0.00013803842646028844	0.20257511855819876
0.00013995873225726183	0.2025771684583905
0.00014190575216890908	0.20257927576825888
0.00014387985782558451	0.2025814420948276
0.0001458814260275349	0.20258366908989958
0.00014791083881682065	0.202585958451322
0.00014996848355023734	0.20258831192449703
0.0001520547529732494	0.20259073130381508
0.00015417004529495585	0.20259321843401445
0.00015631476426409543	0.20259577521157057
0.0001584893192461112	0.2025984035861195
0.00016069412530128767	0.20260110556191516
0.0001629296032639723	0.20260388319932074
0.00016519617982290136	0.2026067386163345
0.0001674942876026437	0.20260967399014962
0.0001698243652461745	0.2026126915587485
0.0001721868574986006	0.20261579362253082
0.00017458221529205039	0.20261898254597596
0.00017701089583174192	0.20262226075933823
0.00017947336268325258	0.20262563076043438
0.00018197008586099837	0.20262909511691307
0.0001845015419179472	0.20263265646853706
0.00018706821403658	0.2026363175291784
0.00018967059212111437	0.20264008108883166
0.0001923091728910157	0.20264395001566882
0.0001949844599758045	0.20264792725813585
0.0001976969640111862	0.2026520158470891
0.000200447202736516	0.2026562188979713
0.0002032357010936222	0.20266053961302552
0.0002060629913269998	0.20266498128354468
0.00020892961308540387	0.20266954729215592
0.00021183611352485024	0.20267424111531282
0.0002147830474130532	0.20267906632672242
0.00021777097723531583	0.20268402660054835
0.0002208004733018897	0.20268912571411857
0.0002238721138568338	0.20269436755065273
0.00022698648518838219	0.20269975610203028
0.000230144181740851	0.20270529547159807
0.00023334580622810016	0.20271098987701208
0.00023659196974857587	0.20271684365311
0.00023988329190194883	0.2027228612548089
0.00024322040090738145	0.2027290472606039
0.000246603933723434	0.20273540637776022
0.0002500345361696429	0.20274194344511676
0.0002535128630497907	0.20274866343638018
0.00025703957827688604	0.20275557146387274
0.0002606153549998894	0.20276267278238397
0.00026424087573219466	0.2027699727931304
0.0002679168324819034	0.20277747704782634
0.00027164392688390813	0.20278519125286806
0.00027542287033381673	0.20279312127363633
0.0002792543841237336	0.20280127313891913
0.0002831391995799378	0.20280965304545928
0.00028707805820246923	0.20281826736263064
0.00029107171180666033	0.202827122637246
0.0002951209226666386	0.20283622559850456
0.00029922646366081855	0.2028455831633336
0.0003033891184194269	0.2028552024414818
0.00030760968147407083	0.2028650907400671
0.00031188895840939337	0.20287525556900177
0.00031622776601683783	0.20288570464666295
0.0003206269324505461	0.20289644590573597
0.0003250872973854341	0.20290748749923807
0.0003296097121774577	0.2029188378067295
0.00033419504002611444	0.2029305054407205
0.00033884415613920235	0.20294249925328256
0.0003435579478998746	0.20295482834287254
0.0003483373150360117	0.20296750206138042
0.00035318316979195683	0.20298053002095323
0.0003580964371026361	0.20299392209957354
0.000363078054770101	0.2030076884489434
0.00036812897364253135	0.2030218395023386
0.0003732501577957204	0.20303638598234724
0.00037844258471709304	0.20305133890881744
0.00038370724549227874	0.20306670960702086
0.0003890451449942805	0.20308250971603736
0.0003944573020752782	0.2030987511973664
0.00039994474976109756	0.20311544634377215
0.00040550853544838345	0.20313260778836728
0.0004111497211045221	0.20315024851390737
0.0004168693834703352	0.20316838186224676
0.00042266861426560264	0.2031870215441139
0.00042854852039743945	0.20320618164918935
0.0004345102241715714	0.20322587665645545
0.00044055486350655306	0.20324612144482404
0.00044668359215096316	0.20326693130405005
0.00045289757990362063	0.20328832194593865
0.0004591980128368684	0.2033103095158532
0.00046558609352295905	0.20333291060449296
0.0004720630412635901	0.20335614225981738
0.0004786300923226382	0.20338002199936678
0.0004852885001621208	0.2034045678230063
0.0004920395356814506	0.2034297982260131
0.0004988844874600121	0.20345573221251373
0.0005058246620031139	0.2034823893092799
0.0005128613839913646	0.20350978957989424
0.0005199959965335161	0.20353795363935603
0.0005272298614228222	0.20356690266873753
0.0005345643593969715	0.20359665842999158
0.0005420008904016236	0.20362724328156176
0.0005495408738576241	0.20365868019444724
0.0005571857489319298	0.2036909927686947
0.0005649369748123023	0.20372420525032944
0.0005727960309858288	0.20375834254873823
0.000580764417521312	0.20379343025451627
0.0005888436553555888	0.203829494657792
0.0005970352865838366	0.2038665627668408
0.0006053408747539132	0.20390466232641555
0.0006137620051647942	0.20394382183696258
0.0006223002851691593	0.2039840705747604
0.0006309573444801929	0.204025438612605
0.0006397348354826477	0.20406795684104564
0.0006486344335482384	0.2041116569901878
0.0006576578373554202	0.20415657165208045
0.0006668067692136218	0.20420273430368505
0.0006760829753919812	0.2042501793296626
0.0006854882264526615	0.2042989420447967
0.0006950243175887965	0.20434905871820586
0.0007046930689671465	0.20440056659854014
0.0007144963260755127	0.20445350393985665
0.0007244359600749899	0.20450791002819513
0.0007345138681571146	0.20456382520887914
0.0007447319739059885	0.20462129091439243
0.0007550922276654339	0.20468034969099574
0.0007655966069112562	0.20474104522568418
0.0007762471166286914	0.20480342237579624
0.000787045789695098	0.20486752719964627
0.0007979946872679766	0.20493340698800566
0.000809095899178382	0.20500111029646834
0.0008203515443298179	0.20507068697841271
0.0008317637711026703	0.20514218821558083
0.0008433347577642753	0.2052156665491574
0.000855066712884683	0.2052911759147092
0.0008669618757582161	0.20536877167842135
0.0008790225168308836	0.2054485106743887
0.0008912509381337454	0.20553045124289193
0.000903649473722301	0.20561465326681172
0.0009162204901219991	0.20570117820601444
0.0009289663867799356	0.2057900891359128
0.0009418895965228411	0.20588145078771564
0.0009549925860214355	0.2059753295896478
0.0009682778562612485	0.20607179370916875
0.0009817479430199844	0.20617091309622224
0.0009954054173515266	0.2062727595275504
0.0010092528860766838	0.20637740665005408
0.0010232929922807533	0.20648493001926274
0.0010375284158180124	0.20659540715053065
0.0010519618738232225	0.20670891756713217
0.0010665961212302571	0.20682554284659435
0.0010814339512979373	0.20694536666763944
0.001096478196143185	0.20706847485770502
0.0011117317272815908	0.2071949554410092
0.0011271974561755096	0.20732489868999693
0.0011428783347897707	0.20745839718256348
0.0011587773561551257	0.2075955458525926
0.001174897554939529	0.2077364420428366
0.001191242008027374	0.20788118555929624
0.0012078138351067792	0.20802987872646642
0.0012246161992650485	0.20818262644344077
0.0012416523075924105	0.2083395362411297
0.0012589254117941664	0.20850071834026987
0.0012764388088113438	0.20866628570938087
0.0012941958414499856	0.2088363541244538
0.0013121998990192024	0.20901104222967573
0.00133045441797809	0.20919047159904006
0.0013489628825916534	0.2093747667987886
0.0013677288255958485	0.20956405544974313
0.0013867558288718877	0.20975846828978575
0.0014060475241299128	0.20995813923829973
0.001425607593602188	0.2101632054616299
0.001445439770745927	0.21037380743934195
0.0014655478409559106	0.21059008903109122
0.0014859356422870056	0.21081219754270183
0.0015066070661867417	0.21104028379322012
0.0015275660582380719	0.21127450218345525
0.0015488166189124802	0.211515010765033
0.0015703628043335525	0.21176197131001367
0.0015922087270511696	0.21201554938054504
0.0016143585568264855	0.21227591439833615
0.0016368165214278073	0.21254323971522668
0.0016595869074375604	0.21281770268414357
0.001682674061070467	0.2130994847303564
0.0017060823890031225	0.21338877142299936
0.0017298163592151	0.21368575254681219
0.001753880501841761	0.21399062217303408
0.001778279410038922	0.21430357872801503
0.0018030177408595678	0.2146248250714886
0.0018281002161427411	0.21495456856929718
0.001853531623414811	0.21529302116268148
0.0018793168168032676	0.21564039943684826
0.001905460717963246	0.21599692468868145
0.0019319683170169223	0.21636282299579654
0.001958844673505989	0.21673832529501857
0.0019860949173573705	0.2171236674540532
0.002013724249862387	0.21751909033874095
0.0020417379446695293	0.21792483987975758
0.0020701413487910414	0.2183411671382118
0.002098939883623523	0.2187683283704442
0.0021281390459827105	0.21920658509733398
0.0021577444091526662	0.21965620417412368
0.0021877616239495516	0.22011745785316095
0.0022181964198002176	0.22059062384447145
0.002249054605835779	0.22107598537468712
0.0022803420720004177	0.22157383124552818
0.0023120647901755938	0.22208445589772313
0.002344228815319921	0.22260815947073942
0.0023768402866248743	0.22314524785639592
0.0024099054286865944	0.2236960327503748
0.002443430552693971	0.22426083170198857
0.002477422057633284	0.22483996816689472
0.0025118864315095777	0.22543377155955038
0.0025468302525850405	0.22604257729799973
0.0025822601906345948	0.22666672684577044
0.0026181830082189833	0.22730656775183558
0.002654605561975539	0.22796245369271245
0.002691534803926915	0.22863474451292687
0.0027289777828080394	0.22932380625846235
0.0027669416454115096	0.23003001120744695
0.002805433637951713	0.23075373789914191
0.0028444611074479147	0.23149537116466679
0.002884031503126604	0.23225530215376963
0.002924152377843333	0.23303392835546555
0.002964831389524342	0.23383165361621602
0.0030060763026282297	0.23464888815689855
0.0030478949896279813	0.23548604859391112
0.0030902954325135877	0.23634355794209597
0.003133285724315585	0.2372218456200975
0.003176874070649769	0.2381213474644789
0.003221068791283432	0.2390425057440521
0.0032658783217233553	0.23998576915918554
0.00331131121482591	0.2409515928246708
0.0033573761424295447	0.2419404382685955
0.0034040818970100064	0.24295277343268973
0.003451437393358562	0.24398907267234646
0.0034994516702835715	0.24504981674089368
0.0035481338923357524	0.24613549276755914
0.00359749335155742	0.2472465942459851
0.0036475394692560776	0.248383621023476
0.0036982817978026606	0.24954707928607742
0.003749730022454833	0.2507374815304372
0.003801893963205609	0.25195534654239665
0.0038547835766577173	0.25320119937618446
0.003908408957924018	0.25447557133343884
0.003962780342554392	0.25577899993539815
0.004017908108489396	0.25711202889666523
0.004073802778041126	0.25847520809871655
0.004130475019901611	0.2598690935643252
0.00418793565117918	0.26129424742997415
0.004246195639463124	0.26275123791886434
0.004305266104917105	0.2642406393130855
0.0043651583224016575	0.2657630319274299
0.0044258837236262625	0.2673190020847206
0.004487453899331321	0.2689091420912105
0.004549880601500484	0.27053405021005805
0.004613175745603791	0.27219433063755366
0.004677351412871978	0.2738905934901513
0.0047424198526024456	0.2756234547839045
0.004808393484497284	0.2773935364117626
0.00487528490103386	0.2792014661235566
0.00494310686986835	0.2810478775242848
0.005011872336272722	0.2829334100787833
0.005081594425605603	0.28485870908876093
0.0051522864458175615	0.2868244256719714
0.005223961889991193	0.28883121677952356
0.005296634438916576	0.2908797452268847
0.005370317963702524	0.292970679679714
0.0054450265284242075	0.295104694639637
0.005520774392807568	0.29728247048467515
0.0055975760149511	0.29950469351616493
0.005675446054085468	0.3017720559575183
0.005754399373371565	0.3040852559602604
0.0058344510427374464	0.3064449976766056
0.005915616341754738	0.30885199131251717
0.005997910762555091	0.311306953135224
0.006081350012787173	0.31381060552052487
0.0061659500186148205	0.31636367705222723
0.006251726927756856	0.31896690256548116
0.0063386971125692654	0.3216210231867927
0.006426877173170191	0.3243267864393376
0.006516283940608425	0.32708494632990154
0.0066069344800759565	0.3298962634001322
0.006698846094165259	0.3327615048315521
0.006792036326171839	0.3356814445638881
0.006886522963442759	0.3386568633647689
0.00698232404077171	0.3416885489276836
0.0070794578438413735	0.344777296068673
0.007177942912713616	0.3479239068114147
0.007277798045368238	0.35112919042772267
0.007379042301291005	0.3543939636174252
0.007481695005111537	0.3577190507215953
0.007585775750291836	0.36110528381461854
0.007691304402866093	0.36455350279387294
0.007798301105232582	0.3680645555976832
0.007906786279998244	0.37163929840252635
0.008016780633876789	0.37527859572380684
0.00812830516164099	0.37898332057059975
0.008241381150130017	0.3827543546855961
0.008356030182312473	0.3865925887079704
0.008472274141405962	0.39049892233075006
0.008590135215053953	0.3944742645172731
0.0087096358995608	0.3985195337082813
0.00883079900418562	0.4026356579986437
0.008953647655495936	0.4068235753497883
0.009078205301781852	0.41108423381017234
0.009204495717531706	0.41541859172540324
0.00933254300796991	0.41982761795536194
0.009462371613657927	0.4243122921001267
0.009594006315159326	0.4288736047305885
0.009727472237769643	0.4335125576175837
0.009862794856312102	0.4382301639641202
0.009999999999999995	0.4430274486550178
0.010139113857366787	0.447905448495137
0.010280162981264726	0.45286521245353617
0.010423174293933038	0.45790780192308156
0.010568175092136579	0.46303429097633036
0.010715193052376056	0.4682457665934784
0.010864256236170645	0.4735433289539668
0.011015393095414147	0.47892809172272016
0.011168632477805605	0.48440118225906764
0.011324003632355561	0.489963741919283
0.011481536214968816	0.4956169263584802
0.01164126029410491	0.5013619057519
0.01180320635651729	0.5071998651068111
0.011967405313072424	0.5131320045655442
0.01213388850464977	0.5191595396339668
0.012302687708123811	0.5252837015193411
0.012473835142429422	0.5315057374211553
0.012647363474711503	0.5378269107892293
0.012823305826560213	0.5442485016649303
0.013001695780332898	0.5507718069523355
0.013182567385564063	0.557398140721936
0.01336595516546441	0.5641288345473112
0.013551894123510357	0.5709652377721637
0.013740419750125145	0.5779087178740726
0.013931568029453022	0.5849606607513
0.01412537544622753	0.5921224709394292
0.01432187899273543	0.5993955720889808
0.014521116175877414	0.6067814073282882
0.014723125024327178	0.6142814393646518
0.014927944095789946	0.621897150918801
0.015135612484362076	0.6296300452198266
0.015346169827992934	0.6374816461254682
0.01555965631605073	0.6454534984500339
0.015776112696993482	0.6535471685184612
0.01599558028614668	0.6617642443621209
0.016218100973589288	0.6701063360062696
0.016443717232149303	0.6785750759904132
0.016672472125510623	0.6871721196262623
0.016904409316432632	0.6958991452937964
0.01713957307508424	0.7047578549562163
0.017378008287493737	0.7137499744224289
0.017619760464116285	0.7228772536975894
0.017864875748520498	0.7321414674583041
0.01811340092619601	0.7415444153247364
0.018365383433483446	0.7510879222781061
0.01862087136662867	0.7607738390898704
0.018879913490962925	0.7706040426218064
0.01914255925021084	0.7805804363249169
0.01940885877592776	0.790704950585203
0.01967886289706844	0.8009795429335477
0.019952623149688785	0.8114061987606882
0.0202301917867827	0.8219869317143708
0.02051162178825565	0.8327237838304836
0.020796966871036947	0.8436188261481193
0.02108628149933288	0.8546741592165666
0.0213796208950223	0.8658919132815219
0.02167704104819694	0.8772742488487575
0.02197859872784824	0.8888233572309311
0.02228435149270302	0.9005414607856795
0.022594357702209755	0.9124308134638002
0.022908676527677724	0.9244937013212443
0.023227367963571055	0.9367324428411168
0.023550492838960078	0.9491493894970515
0.023878112829131753	0.9617469262283452
0.024210290467361773	0.9745274718237855
0.024547089156850287	0.987493479511672
0.02488857318282389	1.0006474373897114
0.02523480772480574	1.0125096954006438
0.025585858869056448	1.012511966820653
0.025941793621188123	1.012518074499887
0.026302679918953794	1.0125281783274436
0.026668586645214792	1.012542443351428
0.027039583641088424	1.012561039928204
0.027415741719278807	1.0125841438755423
0.027797132677592862	1.0126119366297541
0.02818382931264453	1.01264460540689
0.028575905433749455	1.01268234336809
0.028973435877013207	1.0127253497891677
0.02937649651961528	1.012773830234516
0.029785164294291885	1.0128279967354143
0.03019951720402012	1.0128880679728314
0.03061963433690675	1.0129542694647982
0.031045595881283552	1.013026833758445
0.03147748314101312	1.0131060006267836
0.031915378551007595	1.0131920172703197
0.03235936569296283	1.0132851385235802
0.03280952931131187	1.0133856270666386
0.03326595532940044	1.01349375364172
0.033728730865886895	1.0136097972749707
0.034197944251370856	1.0137340455034682
0.03467368504525316	1.0138667946075544
0.035156044052829766	1.0140083498485635
0.03564511334262439	1.014159025712029
0.036140986263961325	1.014319146156434
0.03664375746478328	1.0144890448675787
0.03715352290971723	1.0146690655186361
0.03767037989839089	1.0148595620359524
0.03819442708400462	1.015060898870666
0.0387257644921617	1.0152734512761894
0.03926449353995993	1.0154976055916192
0.03981071705534969	1.0157337595311156
0.04036453929676049	1.015982322479301
0.04092606597300103	1.0162437157927158
0.041495404263436265	1.0165183731073641
0.04207266283844441	1.0168067406523809
0.042657951880159216	1.017109277569836
0.04325138310350085	1.0174264562406987
0.043853069777498574	1.0177587626169606
0.04446312674691083	1.0181066965599235
0.045081670454146	1.0184707721846402
0.04570881896148744	1.0188515182104907
0.04634469197362877	1.0192494783178654
0.04698941086052154	1.0196652115109215
0.047643098680541514	1.0200992924863608
0.04830588020397724	1.0205523120081712
0.048977881936844624	1.0210248772882604
0.04965923214503356	1.0215176123729002
0.05035006087879046	1.0220311585348816
0.05105049999754055	1.022566174671273
0.05176068319505672	1.023123337706656
0.05248074602497725	1.0237033430016984
0.053210825926679355	1.0243069047669102
0.05395106225151273	1.0249347564814113
0.05470159628939716	1.025587651316519
0.05546257129579101	1.0262663625639545
0.05623413251903488	1.0269716840684393
0.05701642722807476	1.0277044306644383
0.05780960474057175	1.028465438616791
0.05861381645140286	1.029255566064943
0.05942921586155718	1.0300756934704751
0.060255958607435725	1.030926724067609
0.06109420249055719	1.0318095843163357
0.061944107507678065	1.0327252243578071
0.06280583588133176	1.03367461847159
0.06367955209079158	1.034658765534377
0.06456542290346548	1.0356786894797103
0.06546361740672747	1.0367354397582607
0.06637430704019077	1.0378300917981758
0.06729766562843172	1.0389637474649929
0.06823386941416694	1.0401375355205762
0.06918309709189356	1.041352612080533
0.07014552984199708	1.0426101610695218
0.0711213513653329	1.0439113946738525
0.07211074791828988	1.0452575537907565
0.07311390834834171	1.0466499084736747
0.07413102413009176	1.0480897583728972
0.07516228940182047	1.0495784331708655
0.07620790100254118	1.051117293011429
0.07726805850957012	1.0527077289223226
0.07834296427662112	1.0543511632301306
0.07943282347242814	1.056049049966963
0.08053784411990655	1.057802875268083
0.0816582371358592	1.0596141577596876
0.08279421637123342	1.0614844489360482
0.08394599865193965	1.0634153335252057
0.08511380382023762	1.0654084298424087
0.0862978547766969	1.0674653901304754
0.08749837752274353	1.0695879008862716
0.08871560120379607	1.0717776831724877
0.08994975815300339	1.0740364929139048
0.09120108393559091	1.0763661211773639
0.09246981739382225	1.0787683944346365
0.09375620069258792	1.0812451748074452
0.0950604793656281	1.083798360293873
0.09638290236239706	1.0864298849754443
0.09772372209558097	1.08914171920418
0.09908319448927672	1.0919358697689663
0.10046157902783936	1.094814380040605
0.10185913880541161	1.0977793300949736
0.10327614057613972	1.1008328368137448
0.10471285480508982	1.1039770539621876
0.1061695557198724	1.1072141722436164
0.10764652136298349	1.1105464193301158
0.10914403364487553	1.1139760598692356
0.11066237839776658	1.1175053954664211
0.11220184543019616	1.1211367646430075
0.11376272858234297	1.1248725427697048
0.1153453257821092	1.1287151419755512
0.11694993910198694	1.1326670110324335
0.11857687481671592	1.1367306352153317
0.12022644346174129	1.1409085361385527
0.1218989598924865	1.1452032715683131
0.12359474334445097	1.1496174352121236
0.12531411749414162	1.1541536564855215
0.12705741052085404	1.1588146002568187
0.12882495516931336	1.1636029665706153
0.13061708881318396	1.1685214903509349
0.13243415351946636	1.1735729410849547
0.13427649611378636	1.1787601224883841
0.13614446824659482	1.18408587215367
0.13803842646028838	1.1895530611822875
0.1399587322572618	1.1951645938024813
0.14190575216890905	1.2009234069739154
0.14387985782558446	1.2068324699807884
0.1458814260275346	1.2128947840150306
0.1479108388168206	1.2191133817513267
0.1499684835502373	1.22549132691573
0.15205475297324936	1.2320317138497539
0.15417004529495582	1.2387376670718613
0.15631476426409538	1.2456123408383257
0.15848931924611115	1.2526589187055175
0.16069412530128763	1.2598806130956755
0.16292960326397224	1.2672806648682717
0.16519617982290133	1.2748623428991097
0.16749428760264368	1.2826289436692995
0.16982436524617417	1.2905837908662492
0.17218685749860055	1.2987302349988463
0.17458221529205034	1.3070716530289386
0.17701089583174187	1.315611448021247
0.17947336268325254	1.3243530488137873
0.18197008586099833	1.3332999097108298
0.18450154191794715	1.3424555102004045
0.18706821403657997	1.3518233546982799
0.1896705921211143	1.3614069723202609
0.19230917289101565	1.371209916684632
0.19498445997580446	1.3812357657464085
0.1976969640111858	1.3914881216650503
0.20044720273651595	1.4019706107071432
0.20323570109362213	1.412686883185453
0.20606299132699976	1.4236406134356905
0.2089296130854038	1.4348354998321717
0.21183611352485018	1.4462752648434474
0.21478304741305315	1.4579636551288917
0.21777097723531577	1.46990444167708
0.22080047330188965	1.4821014199866658
0.22387211385683375	1.494558410290394
0.22698648518838213	1.5072792578226748
0.23014418174085052	1.5202678331311206
0.2333458062281001	1.5335280324322544
0.2365919697485758	1.547063778011493
0.23988329190194876	1.5608790186674308
0.2432204009073814	1.5749777302002967
0.24660393372343395	1.5893639159443422
0.2500345361696429	1.6040416073438644
0.25351286304979065	1.6190148645724234
0.257039578276886	1.6342877771947126
0.26061535499988936	1.6498644648705152
0.2642408757321946	1.6657490781000055
0.26791683248190284	1.681945799009671
0.2716439268839081	1.6984588421779991
0.2754228703338166	1.7152924555000109
0.2792543841237335	1.732450921089725
0.2831391995799378	1.7499385562195255
0.2870780582024686	1.767759714295368
0.29107171180666025	1.7859187858667975
0.2951209226666385	1.8044201996705929
0.2992264636608185	1.8232684237069747
0.30338911841942684	1.8424679663471917
0.3076096814740708	1.8620233774713144
0.31188895840939335	1.881939249635113
0.3162277660168378	1.902220219264842
0.3206269324505466	1.9228709678787488
0.325087297385434	1.9438962233342234
0.32960971217745766	1.9653007610994306
0.3341950400261138	1.9870894055483073
0.33884415613920227	2.009267031277914
0.34355794789987454	2.031838564447009
0.34833731503601134	2.0548089841349126
0.35318316979195674	2.078183323719637
0.358096437102636	2.10196667227435
0.3630780547701009	2.126164175981295
0.3681289736425313	2.150781039562308
0.37325015779571996	2.1758225277250896
0.37844258471709297	2.201293966624546
0.38370724549227864	2.2272007453383806
0.38904514499428006	2.2535483173563757
0.3944573020752781	2.280342202082681
0.39994474976109745	2.3075879863505375
0.40550853544838333	2.3352913259489707
0.41114972110452197	2.363457947160943
0.4168693834703354	2.3920936483125272
0.42266861426560254	2.4212043013327853
0.42854852039743935	2.4507958533239904
0.43451022417157087	2.480874328141891
0.44055486350655293	2.5114458279858605
0.44668359215096304	2.542516534998643
0.4528975799036202	2.5740927128756437
0.4591980128368683	2.6061807084836155
0.46558609352295893	2.638786953488664
0.47206304126359	2.671917965993592
0.4786300923226381	2.7055803521845903
0.4852885001621203	2.7397808079872714
0.4920395356814504	2.77452612073224
0.49888448746001207	2.809823170830197
0.5058246620031134	2.845678933456833
0.5128613839913645	2.8821004802476593
0.5199959965335159	2.919094981002934
0.5272298614228221	2.95666970540302
0.5345643593969713	2.9948320247343885
0.5420008904016239	3.0335894136265167
0.549540873857624	3.0729494518000804
0.5571857489319296	3.112919825826739
0.5649369748123017	3.153508330900796
0.5727960309858288	3.1947228726232675
0.5807644175213119	3.2365714687985623
0.5888436553555881	3.279062251244343
0.5970352865838364	3.3222034676149135
0.6053408747539135	3.366003483238541
0.6137620051647935	3.410470782969252
0.6223002851691591	3.4556139730535183
0.6309573444801923	3.5014417830122584
0.6397348354826475	3.547963067538777
0.6486344335482381	3.5951868084129606
0.6576578373554195	3.643122116432396
0.6668067692136216	3.6917782333608513
0.6760829753919817	3.7411645338945902
0.6854882264526607	3.791290527647165
0.6950243175887963	3.8421658611531573
0.7046930689671469	3.893800319891355
0.7144963260755125	3.94620383032803
0.7244359600749898	3.9993864619808015
0.7345138681571138	4.053358429503588
0.7447319739059883	4.108130094793355
0.7550922276654337	4.1637119691190545
0.7655966069112553	4.220114715273448
0.7762471166286912	4.277349149748366
0.7870457896950985	4.33542624493387
0.7979946872679756	4.394357131342067
0.8090958991783819	4.4541530998560575
0.8203515443298168	4.5148256040045425
0.8317637711026702	4.576386262262876
0.8433347577642751	4.638846860380888
0.8550667128846821	4.702219353738314
0.8669618757582159	4.766515869728296
0.8790225168308842	4.831748710169523
0.8912509381337443	4.897930353747732
0.9036494737223009	4.9650734584871055
0.9162204901219998	5.033190864252095
0.9289663867799353	5.102295595280437
0.941889596522841	5.172400862747894
0.9549925860214344	5.243520067365221
0.9682778562612483	5.315666802008256
0.9817479430199841	5.388854854381415
0.9954054173515255	5.463098209715489
1.0092528860766836	5.538411053500265
1.023292992280754	5.614807774252511
1.0375284158180114	5.692302966320128
1.0519618738232224	5.770911432723046
1.066596121230256	5.850648188031359
1.081433951297937	5.931528461281644
1.0964781961431846	6.013567698931774
1.1117317272815896	6.096781567855149
1.1271974561755094	6.18118595837491
1.1428783347897715	6.266796987338686
1.1587773561551244	6.3536310012347315
1.1748975549395289	6.441704579350067
1.191242008027375	6.531034536971155
1.2078138351067789	6.6216379286280205
1.2246161992650482	6.7135320513824155
1.241652307592409	6.806734448160572
1.258925411794166	6.901262911131586
1.2764388088113434	6.997135485131735
1.2941958414499841	7.094370471135774
1.312199899019202	7.192986429775815
1.3304544179780908	7.2930021849083815
1.348962882591652	7.39443682723062
1.3677288255958482	7.497309717946278
1.386755828871886	7.601640492482104
1.4060475241299124	7.707449064255703
1.4256075936021877	7.8147556284952655
1.4454397707459252	7.923580666112241
1.4655478409559102	8.033944947627635
1.4859356422870067	8.145869537152572
1.50660706618674	8.259375796424166
1.5275660582380717	8.374485388897435
1.5488166189124812	8.49122028389387
1.5703628043335507	8.609602760807821
1.5922087270511693	8.729655413371326
1.6143585568264835	8.851401153978177
1.636816521427807	8.974863218068354
1.65958690743756	9.100065168573312
1.682674061070465	9.227030900423353
1.7060823890031223	9.355784645117803
1.7298163592151012	9.486350975358778
1.753880501841759	9.618754809749724
1.7782794100389216	9.753021417559488
1.8030177408595658	9.88917642355272
1.8281002161427407	10.027245812887944
1.8535316234148107	10.167255936083764
1.8793168168032655	10.309233514054553
1.9054607179632455	10.453205643216526
1.9319683170169235	10.599199800664929
1.958844673505987	10.747243849423727
1.98609491735737	10.897366043768663
2.013724249862388	11.049595034624472
2.041737944669527	11.203959875037748
2.070141348791041	11.360490025726246
2.0989398836235207	11.519215360705575
2.1281390459827096	11.68016617299479
2.1577444091526656	11.843373180401485
2.1877616239495494	12.008867531387889
2.218196419800217	12.17668081101898
2.2490546058357808	12.346845046993566
2.280342072000415	12.519392715759809
2.3120647901755933	12.694356748716269
2.344228815319918	12.871770538499373
2.376840286624874	13.051667945359105
2.409905428686594	13.234083303623455
2.443430552693968	13.41905142825345
2.4774220576332833	13.606607621489783
2.5118864315095792	13.796787679592114
2.5468302525850377	13.98962789967277
2.582260190634594	14.185165086625899
2.618183008218985	14.383436560153266
2.654605561975536	14.584480161888376
2.6915348039269142	14.788334262620193
2.728977782808036	14.995037769617447
2.7669416454115088	15.204630134055694
2.8054336379517126	15.417151358547693
2.8444611074479114	15.632642004779239
2.8840315031266037	15.851143201251638
2.924152377843335	16.072696651132055
2.964831389524339	16.29734464021374
3.006076302628229	16.52513004498741
3.0478949896279777	16.75609634082502
3.090295432513587	16.990287610278276
3.1332857243155843	17.227748551492457
3.176874070649766	17.468524486738122
3.2210687912834315	17.71266137106178
3.265878321723357	17.960205801057125
3.3113112148259063	18.211205023758893
3.357376142429544	18.46570694566088
3.4040818970100086	18.72376014185951
3.451437393358558	18.98541386532527
3.4994516702835705	19.25071805630351
3.5481338923357484	19.519723351846075
3.5974933515574192	19.792481095476433
3.6475394692560763	20.069043346989073
3.6982817978026565	20.349462892385993
3.749730022454832	20.633793253951765
3.801893963205611	20.922088700468805
3.854783576657713	21.21440425757542
3.9084089579240175	21.51079571826833
3.9627803425543946	21.81131965355131
4.017908108489395	22.116033423232636
4.0738027780411254	22.424995186873122
4.130475019901607	22.738263914886375
4.187935651179179	23.05589939979441
4.246195639463127	23.377962267639614
4.3052661049171	23.70451398955615
4.365158322401657	24.0356168935027
4.425883723626265	24.371334176158353
4.4874538993313156	24.7117299149847
4.549880601500483	25.056869080456057
4.613175745603786	25.406817548459635
4.677351412871977	25.761642112869286
4.742419852602445	26.121410498293717
4.808393484497278	26.48619137300286
4.875284901033859	26.856054362034314
4.943106869868353	27.231070060482047
5.011872336272716	27.611310046970626
5.081594425605601	27.996846897317205
5.152286445817564	28.38775419838342
5.223961889991192	28.78410656212069
5.296634438916575	29.1859796398112
5.370317963702519	29.593450136506757
5.445026528424206	30.00659582566952
5.520774392807572	30.425495564015968
5.597576014951094	30.85022930656804
5.675446054085467	31.280878121914032
5.754399373371569	31.717524207681514
5.83445104273744	32.16025090622618
5.915616341754736	32.60914272053933
5.997910762555083	33.06428533037623
6.081350012787173	33.52576560860997
6.165950018614819	33.9936716378122
6.251726927756848	34.46809272706534
6.338697112569264	34.94911942900891
6.426877173170195	35.43684355712271
6.516283940608418	35.931358203251136
6.606934480075955	36.432757755371625
6.698846094165264	36.94113791560979
6.7920363261718375	37.4565957185061
6.886522963442757	37.979229549536825
6.982324040771702	38.50913916389215
7.079457843841372	39.0464257055168
7.177942912713615	39.59119172641474
7.27779804536823	40.14354120622322
7.379042301291004	40.70357957205943
7.481695005111542	41.27141371864277
7.585775750291828	41.847152028697884
7.691304402866091	42.43090439364171
7.798301105232573	43.02278223455779
7.906786279998242	43.62289852346368
8.016780633876788	44.23136780487324
8.128305161640979	44.8483062176598
8.241381150130016	45.47383151722378
8.356030182312477	46.10806309796796
8.472274141405952	46.751122016086555
8.590135215053952	47.403131012671246
8.709635899560805	48.0642145371382
8.830799004185616	48.73449877098193
8.953647655495933	49.414111651859734
9.078205301781843	50.10318289801043
9.204495717531703	50.801844033014355
9.332543007969907	51.510228410896595
9.462371613657917	52.228471241580436
9.594006315159323	52.956709616695186
9.72747223776965	53.69508253574222
9.862794856312092	54.443730932626096
9.999999999999993	55.20279770255482