0.	1.7309561817311914e17
0.001	1.7308786161458448e17
0.002	1.7306459541441274e17
0.003	1.7302582999526784e17
0.004	1.7297158271615328e17
0.005	1.7290187785428192e17
0.006	1.728167465797409e17
0.007	1.7271622692299965e17
0.008	1.726003637353225e17
0.009000000000000001	1.7246920864215846e17
0.01	1.7232281998959683e17
0.011	1.721612627839872e17
0.012	1.7198460862483674e17
0.013000000000000001	1.7179293563110806e17
0.014	1.7158632836105482e17
0.015	1.7136487772574093e17
0.016	1.7112868089640253e17
0.017	1.708778412058214e17
0.018000000000000002	1.7061246804388694e17
0.019	1.70332676747537e17
0.02	1.700385884852724e17
0.021	1.697303301364519e17
0.022	1.6940803416558048e17
0.023	1.690718384918113e17
0.024	1.68721886353888e17
0.025	1.6835832617076192e17
0.026000000000000002	1.6798131139812102e17
0.027	1.675910003810751e17
0.028	1.67187556203245e17
0.029	1.667711465325056e17
0.03	1.663419434636379e17
0.031	1.6590012335814586e17
0.032	1.6544586668149642e17
0.033	1.6497935783804026e17
0.034	1.645007850038747e17
0.035	1.64010339957906e17
0.036000000000000004	1.635082179113703e17
0.037	1.6299461733607043e17
0.038	1.6246973979158246e17
0.039	1.6193378975168592e17
0.04	1.6138697443026627e17
0.041	1.608295036069359e17
0.042	1.60261589452616e17
0.043000000000000003	1.596834463553162e17
0.044	1.5909529074634518e17
0.045	1.5849734092717942e17
0.046	1.5788981689721152e17
0.047	1.5727294018259338e17
0.048	1.566469336663841e17
0.049	1.5601202142020403e17
0.05	1.5536842853759082e17
0.051000000000000004	1.54716380969245e17
0.052000000000000005	1.540561053603464e17
0.053	1.5338782889011277e17
0.054	1.5271177911376698e17
0.055	1.5202818380706822e17
0.056	1.513372708135572e17
0.057	1.506392678946533e17
0.058	1.499344025827389e17
0.059000000000000004	1.492229020373509e17
0.06	1.4850499290459696e17
0.061	1.4778090117990208e17
0.062	1.4705085207418355e17
0.063	1.463150698835442e17
0.064	1.455737778625657e17
0.065	1.4482719810127453e17
0.066	1.4407555140584632e17
0.067	1.4331905718310446e17
0.068	1.4255793332886358e17
0.069	1.4179239612015813e17
0.07	1.4102266011138989e17
0.07100000000000001	1.402489380344217e17
0.07200000000000001	1.3947144070263554e17
0.073	1.3869037691896741e17
0.074	1.3790595338792483e17
0.075	1.3711837463158522e17
0.076	1.363278429095676e17
0.077	1.3553455814296426e17
0.078	1.3473871784221262e17
0.079	1.3394051703888234e17
0.08	1.3314014822134653e17
0.081	1.3233780127430245e17
0.082	1.3153366342210024e17
0.083	1.3072791917583518e17
0.084	1.2992075028415402e17
0.085	1.2911233568772131e17
0.08600000000000001	1.2830285147728949e17
0.08700000000000001	1.2749247085531069e17
0.088	1.266813641010272e17
0.089	1.2586969853897248e17
0.09	1.2505763851081326e17
0.091	1.2424534535045989e17
0.092	1.234329773623702e17
0.093	1.2262068980297002e17
0.094	1.2180863486511082e17
0.095	1.2099696166548514e17
0.096	1.2018581623491693e17
0.097	1.1937534151144435e17
0.098	1.185656773361107e17
0.099	1.1775696045137826e17
0.1	1.1694932450208046e17
0.101	1.1614290003882571e17
0.10200000000000001	1.1533781452376638e17
0.10300000000000001	1.1453419233864806e17
0.10400000000000001	1.1373215479505115e17
0.105	1.1293182014674021e17
0.106	1.1213330360403442e17
0.107	1.1133671735011485e17
0.108	1.1054217055918354e17
0.109	1.097497694163907e17
0.11	1.0895961713944725e17
0.111	1.0817181400184096e17
0.112	1.0738645735757514e17
0.113	1.0660364166735013e17
0.114	1.0582345852610944e17
0.115	1.0504599669187352e17
0.116	1.0427134211578458e17
0.117	1.0349957797328992e17
0.11800000000000001	1.0273078469638918e17
0.11900000000000001	1.0196504000687584e17
0.12	1.0120241895050234e17
0.121	1.0044299393200229e17
0.122	9.968683475090178e16
0.123	9.893400863805733e16
0.124	9.818458029285637e16
0.125	9.743861192101997e16
0.126	9.669616327294866e16
0.127	9.595729168255373e16
0.128	9.522205210651912e16
0.129	9.44904971639394e16
0.13	9.376267717628254e16
0.131	9.303864020762744e16
0.132	9.231843210512699e16
0.133	9.160209653965195e16
0.134	9.088967504656886e16
0.135	9.01812070666106e16
0.136	8.94767299867977e16
0.137	8.877627918137107e16
0.138	8.807988805269803e16
0.139	8.738758807211603e16
0.14	8.669940882067946e16
0.14100000000000001	8.601537802977606e16
0.14200000000000002	8.533552162158278e16
0.14300000000000002	8.46598637493301e16
0.14400000000000002	8.398842683734787e16
0.145	8.332123162086491e16
0.146	8.265829718553774e16
0.147	8.199964100668453e16
0.148	8.134527898820154e16
0.149	8.06952255011414e16
0.15	8.004949342193312e16
0.151	7.940809417022536e16
0.152	7.877103774633602e16
0.153	7.81383327682917e16
0.154	7.750998650844235e16
0.155	7.688600492963749e16
0.156	7.626639272095082e16
0.157	7.565115333294229e16
0.158	7.504028901244654e16
0.159	7.443380083687832e16
0.16	7.383168874804618e16
0.161	7.323395158546648e16
0.162	7.264058711917136e16
0.163	7.2051592082003944e16
0.164	7.146696220139609e16
0.165	7.088669223062398e16
0.166	7.031077597953778e16
0.167	6.973920634476255e16
0.168	6.917197533936786e16
0.169	6.860907412200453e16
0.17	6.805049302550753e16
0.171	6.7496221584964024e16
0.17200000000000001	6.694624856524739e16
0.17300000000000001	6.640056198801723e16
0.17400000000000002	6.585914915818657e16
0.17500000000000002	6.532199668985797e16
0.176	6.478909053173033e16
0.177	6.426041599197908e16
0.178	6.373595776261234e16
0.179	6.321569994330638e16
0.18	6.2699626064723944e16
0.181	6.218771911131919e16
0.182	6.167996154363364e16
0.183	6.1176335320087496e16
0.184	6.067682191827111e16
0.185	6.018140235574143e16
0.186	5.969005721032917e16
0.187	5.920276663996137e16
0.188	5.871951040200577e16
0.189	5.824026787214218e16
0.19	5.776501806276733e16
0.191	5.729373964093876e16
0.192	5.682641094586479e16
0.193	5.636301000594624e16
0.194	5.5903514555376536e16
0.195	5.544790205030727e16
0.196	5.499614968458524e16
0.197	5.45482344050681e16
0.198	5.4104132926525256e16
0.199	5.366382174613097e16
0.2	5.322727715755636e16
0.201	5.279447526466758e16
0.202	5.236539199483643e16
0.203	5.19400031118714e16
0.20400000000000001	5.151828422857487e16
0.20500000000000002	5.110021081893454e16
0.20600000000000002	5.068575822995506e16
0.20700000000000002	5.027490169313767e16
0.20800000000000002	4.986761633561403e16
0.209	4.946387719094152e16
0.21	4.906365920956659e16
0.211	4.866693726896334e16
0.212	4.8273686183453544e16
0.213	4.788388071371526e16
0.214	4.7497495575986424e16
0.215	4.7114505450970136e16
0.216	4.673488499244816e16
0.217	4.6358608835608904e16
0.218	4.5985651605096696e16
0.219	4.561598792278806e16
0.22	4.524959241530194e16
0.221	4.48864397212494e16
0.222	4.452650449822942e16
0.223	4.416976142957638e16
0.224	4.381618523086545e16
0.225	4.346575065618157e16
0.226	4.3118432504157944e16
0.227	4.277420562378954e16
0.228	4.243304492002725e16
0.229	4.209492535915834e16
0.23	4.175982197397836e16
0.231	4.142770986876017e16
0.232	4.109856422402486e16
0.233	4.077236030112024e16
0.234	4.044907344661143e16
0.23500000000000001	4.0128679096489e16
0.23600000000000002	3.981115278019914e16
0.23700000000000002	3.9496470124500824e16
0.23800000000000002	3.918460685715478e16
0.23900000000000002	3.88755388104485e16
0.24	3.856924192456224e16
0.241	3.826569225078013e16
0.242	3.796486595455079e16
0.243	3.766673931840185e16
0.244	3.737128874471238e16
0.245	3.707849075834728e16
0.246	3.67883220091578e16
0.247	3.650075927435191e16
0.248	3.621577946073841e16
0.249	3.5933359606848572e16
0.25	3.5653476884938892e16
0.251	3.5376108602878484e16
0.252	3.510123220592482e16
0.253	3.4828825278390936e16
0.254	3.455886554520765e16
0.255	3.4291330873383988e16
0.256	3.402619927336902e16
0.257	3.3763448900318096e16
0.258	3.3503058055266772e16
0.259	3.3245005186215036e16
0.26	3.298926888912507e16
0.261	3.2735827908835144e16
0.262	3.2484661139892384e16
0.263	3.2235747627307324e16
0.264	3.1989066567232536e16
0.265	3.174459730756817e16
0.266	3.1502319348496724e16
0.267	3.1262212342949436e16
0.268	3.1024256097006852e16
0.269	3.078843057023565e16
0.27	3.0554715875964092e16
0.271	3.03230922814982e16
0.272	3.0093540208280868e16
0.273	2.9866040231995904e16
0.274	2.9640573082618964e16
0.275	2.94171196444175e16
0.276	2.919566095590151e16
0.277	2.897617820972682e16
0.278	2.875865275255306e16
0.279	2.854306608485764e16
0.28	2.832939986070775e16
0.281	2.8117635887491908e16
0.28200000000000003	2.790775612561268e16
0.28300000000000003	2.7699742688142144e16
0.28400000000000003	2.749357784044161e16
0.28500000000000003	2.7289243999747044e16
0.28600000000000003	2.7086723734721644e16
0.28700000000000003	2.6885999764977024e16
0.28800000000000003	2.6687054960564244e16
0.289	2.6489872341436004e16
0.29	2.6294435076881416e16
0.291	2.6100726484934416e16
0.292	2.5908730031757076e16
0.293	2.5718429330999024e16
0.294	2.5529808143133988e16
0.295	2.534285037477468e16
0.296	2.5157540077967016e16
0.297	2.4973861449464628e16
0.298	2.4791798829984784e16
0.299	2.461133670344667e16
0.3	2.4432459696192812e16
0.301	2.425515257619473e16
0.302	2.4079400252243572e16
0.303	2.390518777312667e16
0.304	2.3732500326790764e16
0.305	2.3561323239492624e16
0.306	2.33916419749381e16
0.307	2.3223442133409976e16
0.308	2.3056709450885692e16
0.309	2.289142979814532e16
0.31	2.2727589179870708e16
0.311	2.2565173733736348e16
0.312	2.2404169729492508e16
0.313	2.2244563568041412e16
0.314	2.208634178050684e16
0.315	2.1929491027297988e16
0.316	2.1773998097167764e16
0.317	2.161984990626641e16
0.318	2.146703349719074e16
0.319	2.1315536038029532e16
0.32	2.116534482140554e16
0.321	2.101644726351465e16
0.322	2.0868830903162464e16
0.323	2.072248340079894e16
0.324	2.0577392537551264e16
0.325	2.043354621425555e16
0.326	2.029093245048762e16
0.327	2.014953938359326e16
0.328	2.0009355267718308e16
0.329	1.9870368472838892e16
0.33	1.973256748379218e16
0.331	1.959594089930784e16
0.332	1.946047743104067e16
0.333	1.9326165902604604e16
0.334	1.919299524860821e16
0.335	1.9060954513692304e16
0.336	1.893003285156954e16
0.337	1.8800219524066524e16
0.338	1.8671503900168436e16
0.339	1.8543875455066584e16
0.34	1.841732376920897e16
0.341	1.829183852735409e16
0.342	1.8167409517628276e16
0.343	1.8044026630586496e16
0.34400000000000003	1.7921679858277156e16
0.34500000000000003	1.7800359293310702e16
0.34600000000000003	1.7680055127932454e16
0.34700000000000003	1.7560757653099698e16
0.34800000000000003	1.7442457257563158e16
0.34900000000000003	1.7325144426953068e16
0.35000000000000003	1.720880974286995e16
0.35100000000000003	1.7093443881980134e16
0.352	1.697903761511628e16
0.353	1.6865581806382854e16
0.354	1.6753067412266844e16
0.355	1.6641485480753624e16
0.356	1.6530827150448208e16
0.357	1.6421083649701846e16
0.358	1.6312246295744218e16
0.359	1.6204306493821122e16
0.36	1.609725573633782e16
0.361	1.5991085602008134e16
0.362	1.5885787755009242e16
0.363	1.578135394414238e16
0.364	1.5677776001999362e16
0.365	1.5575045844135082e16
0.366	1.5473155468245934e16
0.367	1.537209695335431e16
0.368	1.5271862458999098e16
0.369	1.517244422443227e16
0.37	1.5073834567821656e16
0.371	1.4976025885459748e16
0.372	1.487901065097874e16
0.373	1.4782781414571778e16
0.374	1.468733080222032e16
0.375	1.4592651514927812e16
0.376	1.449873632795952e16
0.377	1.4405578090088668e16
0.378	1.4313169722848734e16
0.379	1.4221504219792096e16
0.38	1.4130574645754838e16
0.381	1.4040374136127856e16
0.382	1.395089589613421e16
0.383	1.3862133200112692e16
0.384	1.3774079390807668e16
0.385	1.3686727878665098e16
0.386	1.3600072141134802e16
0.387	1.3514105721978946e16
0.388	1.3428822230586686e16
0.389	1.3344215341294984e16
0.39	1.3260278792715622e16
0.391	1.3177006387068288e16
0.392	1.309439198951986e16
0.393	1.3012429527529716e16
0.394	1.2931112990201164e16
0.395	1.285043642763889e16
0.396	1.2770393950312458e16
0.397	1.269097972842579e16
0.398	1.2612187991292632e16
0.399	1.2534013026717946e16
0.4	1.2456449180385226e16
0.401	1.2379490855249718e16
0.402	1.2303132510937432e16
0.403	1.2227368663150066e16
0.404	1.215219388307562e16
0.405	1.2077602796804852e16
0.406	1.20035900847534e16
0.40700000000000003	1.1930150481089608e16
0.40800000000000003	1.1857278773168006e16
0.40900000000000003	1.178496980096842e16
0.41000000000000003	1.1713218456540606e16
0.41100000000000003	1.1642019683454518e16
0.41200000000000003	1.1571368476255994e16
0.41300000000000003	1.1501259879927966e16
0.41400000000000003	1.1431688989357066e16
0.41500000000000004	1.136265094880565e16
0.41600000000000004	1.1294140951389162e16
0.417	1.1226154238558808e16
0.418	1.1158686099589512e16
0.419	1.1091731871073098e16
0.42	1.1025286936416694e16
0.421	1.0959346725346236e16
0.422	1.0893906713415146e16
0.423	1.0828962421518058e16
0.424	1.0764509415409554e16
0.425	1.0700543305227938e16
0.426	1.0637059745023926e16
0.427	1.0574054432294284e16
0.428	1.0511523107520282e16
0.429	1.044946155371103e16
0.43	1.0387865595951558e16
0.431	1.0326731100955702e16
0.432	1.0266053976623622e16
0.433	1.0205830171604036e16
0.434	1.0146055674861062e16
0.435	1.0086726515245656e16
0.436	1.0027838761071552e16
0.437	9.969388519695758e15
0.438	9.911371937103472e15
0.439	9.853785197497426e15
0.44	9.796624522891634e15
0.441	9.739886172709428e15
0.442	9.683566443385854e15
0.443	9.627661667974266e15
0.444	9.572168215757182e15
0.445	9.517082491861298e15
0.446	9.462400936876642e15
0.447	9.408120026479832e15
0.448	9.354236271061374e15
0.449	9.300746215357024e15
0.45	9.247646438083074e15
0.451	9.194933551575618e15
0.452	9.142604201433718e15
0.453	9.090655066166416e15
0.454	9.039082856843586e15
0.455	8.987884316750578e15
0.456	8.937056221046609e15
0.457	8.886595376426852e15
0.458	8.836498620788222e15
0.459	8.786762822898802e15
0.46	8.737384882070841e15
0.461	8.688361727837357e15
0.462	8.639690319632233e15
0.463	8.591367646473829e15
0.464	8.543390726652049e15
0.465	8.495756607418806e15
0.466	8.448462364681906e15
0.467	8.401505102702259e15
0.468	8.354881953794411e15
0.46900000000000003	8.308590078030365e15
0.47000000000000003	8.262626662946635e15
0.47100000000000003	8.216988923254532e15
0.47200000000000003	8.171674100553593e15
0.47300000000000003	8.126679463048212e15
0.47400000000000003	8.082002305267318e15
0.47500000000000003	8.037639947787191e15
0.47600000000000003	7.993589736957272e15
0.47700000000000004	7.949849044629041e15
0.47800000000000004	7.906415267887824e15
0.47900000000000004	7.863285828787582e15
0.48	7.82045817408861e15
0.481	7.77792977499813e15
0.482	7.735698126913713e15
0.483	7.693760749169571e15
0.484	7.652115184785597e15
0.485	7.610759000219202e15
0.486	7.569689785119863e15
0.487	7.528905152086405e15
0.488	7.488402736426911e15
0.489	7.448180195921341e15
0.49	7.408235210586702e15
0.491	7.368565482444856e15
0.492	7.329168735292863e15
0.493	7.290042714475867e15
0.494	7.251185186662474e15
0.495	7.212593939622624e15
0.496	7.174266782007883e15
0.497	7.136201543134207e15
0.498	7.098396072767044e15
0.499	7.060848240908843e15
0.5	7.023555937588889e15