0.	0.
0.02	2.0966241375376836e-14
0.04	4.183709534770841e-14
0.06	6.251932912990561e-14
0.08	8.2923906734957e-14
0.1	1.0296781672216242e-13
0.12	1.2257560285523164e-13
0.14	1.4168054062069756e-13
0.16	1.60225431044199e-13
0.18	1.781630112148148e-13
0.2	1.954560054727239e-13
0.22	2.1207686029627223e-13
0.24	2.2800721853433615e-13
0.26	2.4323719473723135e-13
0.28	2.5776451368059255e-13
0.3	2.715935699729512e-13
0.32	2.8473445931030946e-13
0.34	2.972020228749917e-13
0.36	3.0901493675972655e-13
0.38	3.2019486903959203e-13
0.4	3.3076571882447545e-13
0.42	3.4075294464250887e-13
0.44	3.501829839512544e-13
0.46	3.590827614107408e-13
0.48	3.6747928064233103e-13
0.5	3.7539929234835365e-13
0.52	3.828690306707692e-13
0.54	3.899140093213567e-13
0.56	3.965588691406398e-13
0.58	4.028272691894141e-13
0.6	4.087418141134576e-13
0.62	4.143240112773555e-13
0.64	4.195942519397842e-13
0.66	4.245718115192492e-13
0.68	4.292748647288001e-13
0.7000000000000001	4.337205120285493e-13
0.72	4.3792481444513436e-13
0.74	4.4190283433496937e-13
0.76	4.4566868012478936e-13
0.78	4.49235553452975e-13
0.8	4.526157974642916e-13
0.8200000000000001	4.558209452855939e-13
0.84	4.588617679374693e-13
0.86	4.617483211231693e-13
0.88	4.644899904875685e-13
0.9	4.670955350607228e-13
0.92	4.695731286977128e-13
0.9400000000000001	4.719303994030512e-13
0.96	4.741744664876318e-13
0.98	4.763119755520941e-13
1.	4.783491313251464e-13
1.02	4.802917284110356e-13
1.04	4.821451800187464e-13
1.06	4.839145447581828e-13
1.08	4.856045515967206e-13
1.1	4.872196230741359e-13
1.12	4.887638968758205e-13
1.1400000000000001	4.902412458635026e-13
1.16	4.916552966644919e-13
1.18	4.930094469077462e-13
1.2	4.943068812070608e-13
1.22	4.955505859727411e-13
1.24	4.967433631370814e-13
1.26	4.978878428716683e-13
1.28	4.989864953701906e-13
1.3	5.000416417657893e-13
1.32	5.010554642474272e-13
1.34	5.020300154353652e-13
1.36	5.029672270716076e-13
1.3800000000000001	5.038689180771774e-13
1.4000000000000001	5.047368020242822e-13
1.42	5.055724940678651e-13
1.44	5.063775173776831e-13
1.46	5.071533091089302e-13
1.48	5.07901225946507e-13
1.5	5.086225492553274e-13
1.52	5.093184898665421e-13
1.54	5.099901925272272e-13
1.56	5.106387400389377e-13
1.58	5.112651571085327e-13
1.6	5.118704139328465e-13
1.62	5.124554295370883e-13
1.6400000000000001	5.130210748852933e-13
1.6600000000000001	5.135681757797117e-13
1.68	5.140975155647034e-13
1.7	5.146098376494877e-13
1.72	5.151058478629824e-13
1.74	5.155862166529342e-13
1.76	5.160515811405989e-13
1.78	5.165025470413624e-13
1.8	5.169396904608878e-13
1.82	5.173635595756436e-13
1.84	5.177746762059924e-13
1.86	5.181735372893904e-13
1.8800000000000001	5.185606162606848e-13
1.9000000000000001	5.189363643459646e-13
1.92	5.193012117759342e-13
1.94	5.19655568924339e-13
1.96	5.199998273765548e-13
1.98	5.203343609330824e-13
2.	5.206595265523295e-13
2.02	5.20975665236752e-13
2.04	5.212831028661235e-13
2.06	5.215821509814321e-13
2.08	5.218731075226498e-13
2.1	5.221562575233864e-13
2.12	5.224318737652304e-13
2.14	5.227002173943758e-13
2.16	5.2296153850295e-13
2.18	5.232160766772953e-13
2.2	5.234640615152916e-13
2.22	5.237057131146704e-13
2.24	5.239412425341304e-13
2.2600000000000002	5.241708522289443e-13
2.2800000000000002	5.24394736462102e-13
2.3000000000000003	5.246130816955361e-13
2.32	5.248260669553347e-13
2.34	5.250338641818729e-13
2.36	5.252366385590259e-13
2.38	5.254345488263108e-13
2.4	5.256277475745513e-13
2.42	5.258163815260426e-13
2.44	5.260005918001193e-13
2.46	5.26180514164985e-13
2.48	5.263562792765917e-13
2.5	5.265280129053206e-13
2.52	5.266958361511591e-13
2.54	5.268598656480284e-13
2.56	5.270202137578756e-13
2.58	5.271769887551047e-13
2.6	5.273302950018853e-13
2.62	5.274802331148478e-13
2.64	5.276269001236344e-13
2.66	5.277703896217586e-13
2.68	5.279107919101882e-13
2.7	5.28048194134048e-13
2.72	5.28182680412809e-13
2.74	5.283143319643191e-13
2.7600000000000002	5.28443227222995e-13
2.7800000000000002	5.285694419524906e-13
2.8000000000000003	5.286930493531279e-13
2.82	5.288141201643661e-13
2.84	5.289327227625672e-13
2.86	5.290489232542977e-13
2.88	5.291627855654002e-13
2.9	5.292743715260466e-13
2.92	5.293837409519798e-13
2.94	5.294909517221351e-13
2.96	5.295960598528215e-13
2.98	5.296991195686385e-13
3.	5.29800183370284e-13
3.02	5.298993020994149e-13
3.04	5.299965250006958e-13
3.06	5.300918997811819e-13
3.08	5.301854726671567e-13
3.1	5.302772884585557e-13
3.12	5.303673905810838e-13
3.14	5.304558211361436e-13
3.16	5.305426209486727e-13
3.18	5.306278296129938e-13
3.2	5.30711485536764e-13
3.22	5.307936259831206e-13
3.24	5.308742871110998e-13
3.2600000000000002	5.309535040144118e-13
3.2800000000000002	5.310313107586467e-13
3.3000000000000003	5.311077404169825e-13
3.3200000000000003	5.311828251044647e-13
3.34	5.312565960109209e-13
3.36	5.313290834325706e-13
3.38	5.314003168023909e-13
3.4	5.314703247192941e-13
3.42	5.315391349761638e-13
3.44	5.316067745868092e-13
3.46	5.316732698118753e-13
3.48	5.317386461837618e-13
3.5	5.3180292853059e-13
3.52	5.318661409992605e-13
3.54	5.319283070776379e-13
3.56	5.319894496159032e-13
3.58	5.320495908471085e-13
3.6	5.321087524069656e-13
3.62	5.321669553529016e-13
3.64	5.322242201824158e-13
3.66	5.322805668507604e-13
3.68	5.323360147879783e-13
3.7	5.323905829153222e-13
3.72	5.324442896610831e-13
3.74	5.324971529758448e-13
3.7600000000000002	5.325491903472001e-13
3.7800000000000002	5.326004188139381e-13
3.8000000000000003	5.326508549797305e-13
3.8200000000000003	5.327005150263378e-13
3.84	5.327494147263502e-13
3.86	5.32797569455485e-13
3.88	5.328449942044556e-13
3.9	5.328917035904323e-13
3.92	5.329377118681086e-13
3.94	5.329830329403847e-13
3.96	5.33027680368694e-13
3.98	5.330716673829726e-13
4.	5.331150068912963e-13
4.0200000000000005	5.33157711489192e-13
4.04	5.331997934686386e-13
4.0600000000000005	5.332412648267674e-13
4.08	5.332821372742738e-13
4.1	5.333224222435538e-13
4.12	5.333621308965704e-13
4.14	5.334012741324638e-13
4.16	5.334398625949143e-13
4.18	5.334779066792675e-13
4.2	5.335154165394271e-13
4.22	5.33552402094528e-13
4.24	5.335888730353968e-13
4.26	5.336248388308044e-13
4.28	5.336603087335228e-13
4.3	5.336952917861887e-13
4.32	5.337297968269852e-13
4.34	5.337638324951423e-13
4.36	5.337974072362706e-13
4.38	5.338305259033195e-13
4.4	5.338632067826129e-13
4.42	5.338954475566453e-13
4.44	5.339272593508419e-13
4.46	5.339586497170902e-13
4.48	5.339896260423684e-13
4.5	5.340201955530339e-13
4.5200000000000005	5.340503653189815e-13
4.54	5.34080142257679e-13
4.5600000000000005	5.341095331375499e-13
4.58	5.341385445838452e-13
4.6000000000000005	5.341671830792877e-13
4.62	5.341954549696313e-13
4.64	5.342233664666472e-13
4.66	5.342509236514946e-13
4.68	5.342781324779914e-13
4.7	5.343049987757919e-13
4.72	5.343315282534717e-13
4.74	5.343577265015235e-13
4.76	5.343835989952683e-13
4.78	5.344091510976825e-13
4.8	5.344343880621437e-13
4.82	5.344593150351011e-13
4.84	5.344839370586689e-13
4.86	5.345082590731466e-13
4.88	5.345322859194698e-13
4.9	5.345560223415925e-13
4.92	5.345794729888018e-13
4.94	5.346026424179707e-13
4.96	5.346255350957472e-13
4.98	5.346481554006839e-13
5.	5.346705076253096e-13
5.0200000000000005	5.346925959781433e-13
5.04	5.34714424585655e-13
5.0600000000000005	5.347359974941733e-13
5.08	5.347573186717393e-13
5.1000000000000005	5.347783920099152e-13
5.12	5.347992213255391e-13
5.14	5.348198103624384e-13
5.16	5.34840162793093e-13
5.18	5.348602822202584e-13
5.2	5.348801721785432e-13
5.22	5.348998361359468e-13
5.24	5.349192774953565e-13
5.26	5.349384995960047e-13
5.28	5.349575057148907e-13
5.3	5.349762990681617e-13
5.32	5.34994882812463e-13
5.34	5.350132600462495e-13
5.36	5.350314338110653e-13
5.38	5.350494070927919e-13
5.4	5.350671828228622e-13
5.42	5.350847638794445e-13
5.44	5.351021530885989e-13
5.46	5.351193532254009e-13
5.48	5.351363670150401e-13
5.5	5.351531971338892e-13
5.5200000000000005	5.351698462105478e-13
5.54	5.3518631682686e-13
5.5600000000000005	5.352026115189062e-13
5.58	5.352187327779714e-13
5.6000000000000005	5.352346830514893e-13
5.62	5.352504647439629e-13
5.64	5.352660802178636e-13
5.66	5.352815317945084e-13
5.68	5.352968217549139e-13
5.7	5.353119523406333e-13
5.72	5.353269257545695e-13
5.74	5.353417441617714e-13
5.76	5.353564096902096e-13
5.78	5.353709244315355e-13
5.8	5.353852904418195e-13
5.82	5.353995097422747e-13
5.84	5.354135843199619e-13
5.86	5.35427516128478e-13
5.88	5.354413070886296e-13
5.9	5.354549590890888e-13
5.92	5.35468473987036e-13
5.94	5.354818536087865e-13
5.96	5.354950997504025e-13
5.98	5.355082141782915e-13
6.	5.355211986297908e-13
6.0200000000000005	5.355340548137394e-13
6.04	5.355467844110348e-13
6.0600000000000005	5.355593890751796e-13
6.08	5.35571870432814e-13
6.1000000000000005	5.355842300842372e-13
6.12	5.355964696039161e-13
6.140000000000001	5.356085905409841e-13
6.16	5.356205944197271e-13
6.18	5.356324827400598e-13
6.2	5.356442569779905e-13
6.22	5.356559185860768e-13
6.24	5.3566746899387e-13
6.26	5.356789096083505e-13
6.28	5.356902418143534e-13
6.3	5.357014669749843e-13
6.32	5.35712586432027e-13
6.34	5.357236015063416e-13
6.36	5.35734513498255e-13
6.38	5.357453236879402e-13
6.4	5.357560333357914e-13
6.42	5.357666436827876e-13
6.44	5.357771559508508e-13
6.46	5.357875713431946e-13
6.48	5.357978910446674e-13
6.5	5.358081162220861e-13
6.5200000000000005	5.358182480245652e-13
6.54	5.358282875838361e-13
6.5600000000000005	5.358382360145624e-13
6.58	5.358480944146465e-13
6.6000000000000005	5.358578638655317e-13
6.62	5.358675454324965e-13
6.640000000000001	5.358771401649422e-13
6.66	5.358866490966778e-13
6.68	5.358960732461947e-13
6.7	5.359054136169388e-13
6.72	5.35914671197576e-13
6.74	5.359238469622522e-13
6.76	5.359329418708483e-13
6.78	5.359419568692291e-13
6.8	5.359508928894888e-13
6.82	5.359597508501893e-13
6.84	5.359685316565961e-13
6.86	5.359772362009084e-13
6.88	5.359858653624825e-13
6.9	5.359944200080559e-13
6.92	5.3600290099196e-13
6.94	5.360113091563349e-13
6.96	5.360196453313375e-13
6.98	5.360279103353423e-13
7.	5.360361049751453e-13
7.0200000000000005	5.360442300461566e-13
7.04	5.360522863325928e-13
7.0600000000000005	5.360602746076677e-13
7.08	5.360681956337737e-13
7.1000000000000005	5.360760501626647e-13
7.12	5.360838389356327e-13
7.140000000000001	5.360915626836823e-13
7.16	5.360992221277009e-13
7.18	5.36106817978626e-13
7.2	5.361143509376103e-13
7.22	5.361218216961808e-13
7.24	5.361292309363991e-13
7.26	5.361365793310141e-13
7.28	5.361438675436152e-13
7.3	5.361510962287808e-13
7.32	5.361582660322252e-13
7.34	5.361653775909417e-13
7.36	5.361724315333429e-13
7.38	5.361794284793995e-13
7.4	5.361863690407759e-13
7.42	5.361932538209632e-13
7.44	5.362000834154088e-13
7.46	5.362068584116459e-13
7.48	5.362135793894184e-13
7.5	5.362202469208053e-13
7.5200000000000005	5.362268615703405e-13
7.54	5.362334238951326e-13
7.5600000000000005	5.36239934444981e-13
7.58	5.362463937624916e-13
7.6000000000000005	5.362528023831892e-13
7.62	5.362591608356266e-13
7.640000000000001	5.362654696414944e-13
7.66	5.362717293157269e-13
7.68	5.362779403666075e-13
7.7	5.362841032958704e-13
7.72	5.362902185988023e-13
7.74	5.362962867643406e-13
7.76	5.363023082751724e-13
7.78	5.36308283607827e-13
7.8	5.363142132327728e-13
7.82	5.363200976145093e-13
7.84	5.363259372116548e-13
7.86	5.363317324770385e-13
7.88	5.363374838577863e-13
7.9	5.363431917954075e-13
7.92	5.363488567258785e-13
7.94	5.363544790797259e-13
7.96	5.363600592821081e-13
7.98	5.363655977528959e-13
8.	5.363710949067494e-13
8.02	5.363765511531972e-13
8.040000000000001	5.363819668967112e-13
8.06	5.363873425367826e-13
8.08	5.363926784679926e-13
8.1	5.36397975080088e-13
8.120000000000001	5.364032327580491e-13
8.14	5.364084518821609e-13
8.16	5.364136328280818e-13
8.18	5.364187759669097e-13
8.2	5.364238816652494e-13
8.22	5.364289502852771e-13
8.24	5.36433982184804e-13
8.26	5.364389777173405e-13
8.28	5.364439372321566e-13
8.3	5.364488610743429e-13
8.32	5.364537495848718e-13
8.34	5.364586031006551e-13
8.36	5.36463421954602e-13
8.38	5.364682064756754e-13
8.4	5.364729569889492e-13
8.42	5.364776738156625e-13
8.44	5.364823572732734e-13
8.46	5.364870076755129e-13
8.48	5.36491625332437e-13
8.5	5.364962105504778e-13
8.52	5.365007636324951e-13
8.540000000000001	5.365052848778246e-13
8.56	5.365097745823294e-13
8.58	5.365142330384452e-13
8.6	5.365186605352303e-13
8.620000000000001	5.365230573584116e-13
8.64	5.365274237904289e-13
8.66	5.365317601104827e-13
8.68	5.365360665945765e-13
8.700000000000001	5.365403435155628e-13
8.72	5.365445911431834e-13
8.74	5.365488097441136e-13
8.76	5.365529961777988e-13
8.78	5.365571609175214e-13
8.8	5.365612940083875e-13
8.82	5.365653991094215e-13
8.84	5.36569476472577e-13
8.86	5.365735263469815e-13
8.88	5.365775489789744e-13
8.9	5.365815446121438e-13
8.92	5.365855134873642e-13
8.94	5.36589455842831e-13
8.96	5.365933719140979e-13
8.98	5.365972619341107e-13
9.	5.366011261332435e-13
9.02	5.3660496473933e-13
9.040000000000001	5.366087779776998e-13
9.06	5.366125660712089e-13
9.08	5.366163292402749e-13
9.1	5.366200677029061e-13
9.120000000000001	5.366237816742036e-13
9.14	5.366274713684921e-13
9.16	5.366311369962359e-13
9.18	5.366347787661212e-13
9.200000000000001	5.366383968845799e-13
9.22	5.366419915558174e-13
9.24	5.366455629818407e-13
9.26	5.366491113624896e-13
9.28	5.366526368954605e-13
9.3	5.36656139776338e-13
9.32	5.366596201986182e-13
9.34	5.366630783537382e-13
9.36	5.366665144311006e-13
9.38	5.366699286181002e-13
9.4	5.366733211001493e-13
9.42	5.366766920607026e-13
9.44	5.366800416812819e-13
9.46	5.366833701415011e-13
9.48	5.366866776190896e-13
9.5	5.366899642899155e-13
9.52	5.366932303280105e-13
9.540000000000001	5.366964759055913e-13
9.56	5.366997011930824e-13
9.58	5.367029063591396e-13
9.6	5.367060915706708e-13
9.620000000000001	5.367092569928585e-13
9.64	5.367124027891799e-13
9.66	5.367155291214296e-13
9.68	5.367186361497388e-13
9.700000000000001	5.367217240325976e-13
9.72	5.367247929268722e-13
9.74	5.367278429878284e-13
9.76	5.367308743691485e-13
9.78	5.367338872229517e-13
9.8	5.367368816998126e-13
9.82	5.367398579487806e-13
9.84	5.367428161173978e-13
9.86	5.367457563517181e-13
9.88	5.367486787963235e-13
9.9	5.367515835943443e-13
9.92	5.367544708874737e-13
9.94	5.36757340815988e-13
9.96	5.367601935187608e-13
9.98	5.367630291332819e-13
10.	5.367658477956728e-13